Time: 2024-06-30T00:29:20Z, Callsign: KB3IAI, Grid Square: FM28, Coordinates: (38.5, -75.0)
Time: 2024-07-01T22:50:15Z, Callsign: K2I, Grid Square: FM29vx, Coordinates: (39.97916666666667, -74.20833333333333)
Time: 2024-08-06T18:57:00Z, Callsign: JA1QJI/8, Grid Square: QN05, Coordinates: (45.5, 141.0)