Time: 2024-06-07T13:26:50Z, Callsign: W8LR/R, Grid Square: EM79, Coordinates: (39.5, -85.0)
Time: 2024-06-27T22:04:25Z, Callsign: HB0/DK9JC, Grid Square: JN47, Coordinates: (47.5, 9.0)
Time: 2024-06-28T09:30:25Z, Callsign: HB0/DK9JC, Grid Square: JN47SG, Coordinates: (47.270833333333336, 9.541666666666666)