Time: 2024-05-16T18:23:05Z, Callsign: VE7PTN, Grid Square: CN79, Coordinates: (49.5, -125.0)
Time: 2024-06-27T22:04:25Z, Callsign: HB0/DK9JC, Grid Square: JN47, Coordinates: (47.5, 9.0)
Time: 2024-06-28T09:30:25Z, Callsign: HB0/DK9JC, Grid Square: JN47SG, Coordinates: (47.270833333333336, 9.541666666666666)