Time: 2024-05-15T19:29:50Z, Callsign: JS3KKT/6, Grid Square: PM53, Coordinates: (33.5, 131.0)
Time: 2024-06-28T09:30:25Z, Callsign: HB0/DK9JC, Grid Square: JN47SG, Coordinates: (47.270833333333336, 9.541666666666666)
Time: 2024-06-27T22:04:25Z, Callsign: HB0/DK9JC, Grid Square: JN47, Coordinates: (47.5, 9.0)