Time: 2024-05-28T18:02:20Z, Callsign: KI0KB/P, Grid Square: DN80, Coordinates: (40.5, -103.0)
Time: 2024-05-30T17:34:40Z, Callsign: G0ABI/P, Grid Square: IN79, Coordinates: (49.5, -5.0)
Time: 2024-06-28T09:30:25Z, Callsign: HB0/DK9JC, Grid Square: JN47SG, Coordinates: (47.270833333333336, 9.541666666666666)
Time: 2024-06-27T22:04:25Z, Callsign: HB0/DK9JC, Grid Square: JN47, Coordinates: (47.5, 9.0)