Time: 2024-06-16T10:02:30Z, Callsign: KI0KB/P, Grid Square: DN61, Coordinates: (41.5, -107.0)
Time: 2024-06-25T22:08:55Z, Callsign: JA1QJI/8, Grid Square: QN05, Coordinates: (45.5, 141.0)
Time: 2024-06-28T09:30:25Z, Callsign: HB0/DK9JC, Grid Square: JN47SG, Coordinates: (47.270833333333336, 9.541666666666666)
Time: 2024-06-27T22:04:25Z, Callsign: HB0/DK9JC, Grid Square: JN47, Coordinates: (47.5, 9.0)