Time: 2024-01-27T09:58:30Z, Callsign: BI1NJI, Grid Square: OM79, Coordinates: (39.0, 114.0)
Time: 2024-01-27T13:14:05Z, Callsign: ON2VHF/P, Grid Square: JO20, Coordinates: (50.0, 4.0)
Time: 2024-01-27T13:15:00Z, Callsign: LX/DK9JC, Grid Square: JN39EL, Coordinates: (49.458333333333336, 6.333333333333333)
Time: 2024-02-04T04:15:50Z, Callsign: JS3KKT/3, Grid Square: PM74, Coordinates: (34.0, 134.0)