Time: 2024-06-30T20:18:25Z, Callsign: VP5/AA5UK, Grid Square: FL31, Coordinates: (21.5, -73.0)
Time: 2024-06-30T20:37:40Z, Callsign: N8MR, Grid Square: EN67, Coordinates: (47.5, -87.0)
Time: 2024-07-01T22:50:15Z, Callsign: K2I, Grid Square: FM29vx, Coordinates: (39.97916666666667, -74.20833333333333)
Time: 2024-08-06T18:57:00Z, Callsign: JA1QJI/8, Grid Square: QN05, Coordinates: (45.5, 141.0)