Time: 2023-10-07T11:25:40Z, Callsign: M1DDD/P, Grid Square: IO93, Coordinates: (53.0, -2.0)
Time: 2023-10-07T14:58:30Z, Callsign: LX/DK9JC, Grid Square: JN39EL, Coordinates: (49.458333333333336, 6.333333333333333)
Time: 2023-10-15T02:27:50Z, Callsign: N4AKV/R, Grid Square: EM93, Coordinates: (33.0, -82.0)
Time: 2023-10-14T04:16:35Z, Callsign: N4AKV/R, Grid Square: FM03, Coordinates: (33.0, -80.0)