Time: 2024-07-02T21:10:10Z, Callsign: K2I, Grid Square: FM29vx, Coordinates: (39.97916666666667, -74.20833333333333)
Time: 2024-08-06T18:57:00Z, Callsign: JA1QJI/8, Grid Square: QN05, Coordinates: (45.5, 141.0)