Time: 2024-06-28T00:45:20Z, Callsign: JK6DXD/6, Grid Square: PM43, Coordinates: (33.5, 129.0)
Time: 2024-06-29T22:46:25Z, Callsign: OK2ZC/P, Grid Square: JO70, Coordinates: (50.5, 15.0)
Time: 2024-07-01T22:50:15Z, Callsign: K2I, Grid Square: FM29vx, Coordinates: (39.97916666666667, -74.20833333333333)
Time: 2024-08-06T18:57:00Z, Callsign: JA1QJI/8, Grid Square: QN05, Coordinates: (45.5, 141.0)