Time: 2023-10-28T15:20:30Z, Callsign: DL50DAH, Grid Square: JN58, Coordinates: (48.0, 10.0)
Time: 2023-10-31T07:17:50Z, Callsign: LX/DK9JC, Grid Square: JN39EL, Coordinates: (49.458333333333336, 6.333333333333333)
Time: 2023-11-02T22:19:35Z, Callsign: KN2K, Grid Square: FM17, Coordinates: (37.0, -78.0)
Time: 2023-11-04T22:52:00Z, Callsign: N4AKV/R, Grid Square: EM82, Coordinates: (32.0, -84.0)